Phel_contig_1027	comp139659_c0_seq1	74.989	2283	535	33	215	2479	3523	1259	0.0	1020
Phel_contig_2068	comp46877_c0_seq1	100.000	352	0	0	14134	14485	1	352	0.0	651
Phel_contig_818	comp135312_c0_seq1	79.487	975	185	11	135	1100	153	1121	0.0	678
Phel_contig_2347	comp138387_c0_seq2	81.087	920	173	1	188	1106	1613	694	0.0	737
Phel_contig_2347	comp138387_c0_seq1	81.720	930	169	1	178	1106	1623	694	0.0	778
Phel_contig_2068	comp28924_c0_seq1	100.000	506	0	0	13131	13636	1	506	0.0	935
Phel_contig_5519	comp144513_c0_seq1	74.907	2144	494	38	79	2201	2169	49	0.0	939
Phel_contig_5519	comp144513_c0_seq2	75.000	2144	494	37	79	2201	2171	49	0.0	952
Phel_contig_5519	comp144513_c0_seq3	75.000	2144	494	37	79	2201	2171	49	0.0	952
Phel_contig_5519	comp144513_c0_seq4	75.000	2144	494	37	79	2201	2171	49	0.0	952
Phel_contig_9954	comp26598_c0_seq1	72.178	381	92	12	2241	2614	433	60	1.09e-20	104
Phel_contig_2646	comp143461_c0_seq2	71.692	869	226	17	3318	4175	1323	2182	1.15e-56	224
Phel_contig_5301	comp139363_c0_seq1	74.566	173	38	6	3294	3463	2994	2825	1.16e-10	71.3
Phel_contig_5301	comp139363_c0_seq2	74.566	173	38	6	3294	3463	1431	1262	1.16e-10	71.3
Phel_contig_840	comp132209_c0_seq1	72.474	2187	521	57	1241	3379	471	2624	1.57e-178	628
Phel_contig_840	comp132209_c0_seq2	72.474	2187	521	57	1241	3379	457	2610	1.57e-178	628
Phel_contig_2347	comp134910_c1_seq1	82.576	264	44	2	844	1106	982	720	1.58e-59	231
Phel_contig_2347	comp134910_c1_seq2	82.576	264	44	2	844	1106	986	724	1.58e-59	231
Phel_contig_2347	comp134910_c1_seq5	82.576	264	44	2	844	1106	906	644	1.58e-59	231
Phel_contig_8899	comp140930_c0_seq1	81.013	711	134	1	1	711	1689	980	2.42e-160	566
Phel_contig_8899	comp140930_c0_seq2	81.013	711	134	1	1	711	1656	947	2.42e-160	566
Phel_contig_3071	comp141993_c0_seq1	74.713	348	82	5	3407	3751	3416	3760	3.41e-34	150
Phel_contig_7651	comp118647_c0_seq1	100.000	28	0	0	1999	2026	81	54	3.94e-05	52.8
Phel_contig_2068	comp74435_c0_seq1	99.624	266	1	0	6252	6517	1	266	4.15e-135	486
Phel_contig_10981	comp121580_c2_seq1	74.884	215	50	4	1677	1889	312	100	4.75e-18	95.3
Phel_contig_8899	comp140930_c0_seq3	80.208	672	132	1	40	711	1437	767	5.36e-142	505
Phel_contig_829	comp131726_c0_seq1	80.952	84	16	0	816	899	1116	1033	6.97e-10	67.6
Phel_contig_2347	comp134910_c1_seq3	84.354	147	21	2	961	1106	450	305	7.62e-33	143
Phel_contig_8899	comp130371_c1_seq1	84.390	205	32	0	508	712	1	205	7.87e-51	202
Phel_contig_2347	comp138387_c0_seq3	80.339	707	138	1	194	899	708	2	8.32e-152	538
Phel_contig_2068	comp46877_c0_seq2	100.000	203	0	0	14283	14485	17	219	9.36e-102	375
